package.json
  h_5ddc9d372ac6a1 172,174
backend/videoService/vonageVideoService.ts
  h_5ddc9d372ac6a1 32
  s_75214723b27a5b::t_58d819f3c6f536 23-31,33
package-lock.json
  h_5ddc9d372ac6a1 1-31013
yarn.lock
  h_5ddc9d372ac6a1 7,12,20,29,34,55,66,73,84,97,106,117,122,130,138,147,154,159,168,177,185,190,195,200,217,224,232,239,246,255,263,272,277,284,291,298,305,312,319,326,333,340,347,354,361,368,375,382,389,396,403,410,418,425,434,443,450,457,465,473,485,493,501,509,516,524,531,539,546,553,561,570,577,584,591,598,606,614,624,632,640,647,654,661,672,680,687,695,702,710,719,726,733,740,747,754,761,772,780,787,795,802,814,821,829,836,843,850,861,868,876,884,892,968,977,989,1005,1014,1027,1035,1040,1105,1110,1115,1122,1127,1132,1137,1142,1147,1154,1159,1164,1169,1174,1179,1184,1189,1194,1199,1204,1209,1214,1219,1224,1229,1234,1239,1244,1249,1254,1259,1264,1269,1274,1279,1284,1289,1294,1299,1304,1309,1314,1319,1324,1329,1334,1339,1344,1349,1354,1359,1366,1371,1376,1381,1386,1391,1396,1401,1406,1411,1416,1421,1426,1431,1439,1449,1454,1459,1464,1469,1472,1474,1480-1488,1490,1495-1502,1504,1509-1515,1518,1535,1546,1557,1562,1569,1574,1588,1599,1604,1616,1621,1626,1631,1676,1681,1881,1888,1893,1908,1913,1918,1925,1933,1938,1947,1952,1957,1962,1969,1981,1992,1997,2009,2021,2055,2060,2070,2080,2087,2094,2102,2110,2122,2134,2139,2149,2159,2167,2197,2226,2233,2240,2250,2259,2268,2278,2288,2298,2308,2329,2350,2363,2375,2383,2391,2399,2404,2412,2417,2425,2434,2454,2459,2466,2476,2481,2490,2499,2510,2521,2530,2539,2561,2583,2603,2623,2628,2633,2638,2643,2652,2661,2672,2683,2695,2709,2723,2731,2739,2747,2755,2764,2773,2778,2783,2792,2801,2809,2817,2822,2829,2847,2856,2868,2882,2889,2901,2927-2929,2931,2935,2940,2948,2953,2961,2974,2987,2996,3013,3024,3035,3056,3088,3120,3138,3152,3157,3252,3274,3297,3313,3324,3336,3351,3366,3373,3380,3388,3393,3398,3405,3410,3415,3420,3425,3433,3445,3453,3460,3471,3479,3487,3495,3514,3629,3681,3697,3706,3711,3716,3730,3735,3743,3752,3762,3774,3783,3791,3798,3805,3813,3818,3823,3828,3835,3842,3849,3857,3864,3869,3874,3879,3894,3904,3909,3914,3919,3924,3929,3934,3939,3944,3958,3969,3977,3987,3996,4010,4060,4079,4084,4091,4109,4171,4189,4198,4203,4210,4224,4236,4243,4248,4253,4258,4263,4266-4269,4275,4282,4287,4292,4303,4310,4318,4325,4333,4341,4348,4353,4358-4361,4367,4372,4377,4385,4393,4400,4405,4415,4425,4432,4439,4444,4451,4456,4463,4470,4478,4483,4488,4496,4503,4508,4513,4518,4525,4532,4537,4542,4547,4552,4557,4562,4567,4574,4579,4586,4591,4596,4601,4608,4616,4625,4630,4640,4648,4653,4658,4663,4668,4673,4680,4694,4705,4714,4722,4727,4738,4743,4758,4768,4776,4791,4878,4892,4901,4909,4918,4926,4938,4957,4966,4977,4984,4993,5002,5009,5016,5029,5039,5048,5055,5060,5067-5070,5072,5074-5077,5079,5083,5089-5096,5099,5102-5105,5107-5110,5114,5123,5130-5133,5135-5137,5139-5142,5144-5146,5148-5151,5153-5155,5157-5160,5162-5164,5166-5169,5171-5173,5175-5180,5182-5235,5239,5250-5253,5255,5257-5260,5262-5264,5266-5269,5273,5279-5282,5284-5287,5291,5314-5317,5319-5322,5327,5338,5346,5354,5368,5373,5381,5386,5391,5396,5405,5410,5420,5427,5434,5439,5453,5464,5474,5486,5494,5499,5504,5509,5514,5519,5524,5529,5534,5542,5549,5554,5559,5567,5572,5577,5584,5589,5594,5599,5609,5616,5623,5628,5635,5642,5649,5659,5669,5679,5689,5694,5699,5706,5711,5716,5723,5730,5735,5743,5750,5755,5762,5767,5775,5780,5785,5799,5804,5816,5829,5839,5849,5860,5873,5878,5883,5888,5893,5900,5905,5910,5915,5920,5927,5938,5945,5950,5960,5965,5978,5991,6000,6011,6022,6029,6039,6048,6057,6065,6073,6080,6087,6108,6116,6124,6129,6134,6139,6146,6151,6160,6178,6190,6197,6208,6215,6222,6227,6232,6237,6245,6252,6257,6262,6270,6280,6288,6293,6298,6303,6308,6313,6326,6337,6345,6353,6362,6367,6372,6377,6382,6387,6394,6399,6414,6421,6426,6431,6436,6441,6446,6451,6459,6466,6471,6476,6485,6494,6499,6504,6509,6514,6521,6528,6533,6538,6543,6551,6558,6563,6568,6573,6578,6583,6592,6597,6602,6607,6614,6626,6631,6636,6641,6648,6653,6658,6663,6668,6673,6678,6683,6688,6696,6707,6714,6719,6727,6732,6743,6753,6766,6782,6792,6803,6811,6819,6827,6857,6862,6873,6881,6889,6894,6899,6904,6911,6918,6923,6928,6937,6946,6955,6964,6969,6974,6979,6986,6993,7000,7007,7014,7019,7024,7031,7036,7043,7048,7053,7058,7063,7068,7076,7083,7092,7097,7102,7111,7116,7121,7126,7131,7136,7141,7146,7151,7159,7166,7174,7179,7184,7191,7198,7203,7208,7216,7225,7230,7235,7242,7249,7256,7265,7273,7280,7285,7290,7299,7304,7309,7316,7321,7328,7333,7338,7343,7348,7353,7358,7363,7370,7377,7385,7392,7397,7402,7407,7414,7419,7426,7486,7491,7496,7518,7523,7530,7540,7547,7556,7588,7617,7622,7627,7632,7637,7642,7647,7655,7664,7677,7684,7689,7714,7736,7744,7755,7760,7784,7794,7802,7810,7815,7820,7864,7873,7878,7885,7892,7897,7902,7907,7914,7919,7924,7929,7934,7949,7964,7969,7974,7979,7986,7998,8009,8016,8053,8058,8063,8068,8073,8084,8089,8094,8099,8104,8109,8116,8123,8130,8135,8140,8147,8154,8161,8168,8181,8190,8197,8204,8209,8217,8225,8234,8239,8244,8249,8254,8261,8269,8280,8285,8294,8299,8304,8313,8318,8325,8330,8340,8349,8358,8367,8372,8377,8382,8387,8399,8404,8409,8416,8421,8426,8431,8436,8452,8457,8465,8470,8475,8484,8489,8496,8503,8510,8515,8527,8536,8548,8559,8566,8575,8586,8594,8601,8606,8614,8619,8624,8629,8641,8646,8651,8656,8661,8668,8675,8680,8687,8694,8701,8718,8725,8736,8741,8746,8751,8758,8763,8768,8775,8782,8787,8794,8799,8806,8811,8819,8830,8841,8850,8862,8871,8890,8898,8903,8908,8915,8920,8927,8934,8941,8948,8953,8960,8965,8970,8975,8980,8988,8993,9001,9006,9011,9016,9024,9029,9034,9039,9048,9053,9058,9063,9068,9073,9081,9090,9095,9106,9113,9120,9128,9135,9140,9147,9156,9164,9169,9174,9179,9184,9191,9196,9201,9206,9217,9224,9229,9236,9241,9246,9251,9256,9264,9269,9274,9281,9286,9291,9298,9308,9313,9318,9325,9330,9335,9343,9352,9359,9364,9369,9374,9381,9389,9394,9401,9408,9417,9422,9427,9432,9437,9442,9453,9464,9473,9482,9491,9499,9511,9520,9529,9538,9564,9590,9607,9635,9665,9675,9685,9692,9699,9710,9721,9734,9746,9751,9769,9788,9796,9804,9814,9824,9839,9854,9863,9872,9877,9882,9887,9895,9909,9924,9952,9979,10007,10035,10062,10088,10100,10112,10124,10136,10150,10164,10175,10184,10194,10204,10209,10214,10219,10224,10229,10237,10244,10273,10278,10283,10288,10293,10298,10303,10308,10315,10320,10330,10335,10342,10351,10367,10383,10393,10402,10411,10419,10427,10434,10441,10449,10454,10459,10464,10488,10493,10498,10505,10510,10518,10539,10589,10608,10613,10618,10625,10630,10635,10643,10652,10659,10664,10666,10671,10676,10681,10686,10691,10696,10701,10706,10711,10716,10721,10726,10731,10736,10744,10755,10760,10767,10774,10779,10786,10794,10799,10804,10811,10818,10823,10828,10833,10842,10849,10858,10865,10872,10877,10884,10896,10901,10916,10921,10926,10931,10936,10941,10946,10951,10956,10961,10969,10974,10983,10988,11001,11006,11011,11018,11025,11030,11035,11040,11045,11052,11057,11062,11069,11076,11083,11090,11097,11104,11111,11116,11121,11128,11138,11145,11150,11158,11168,11173,11178,11183,11188,11193,11206,11211,11216,11221,11226,11234,11241,11246,11251,11256,11265,11281,11286,11294,11304,11309,11314,11319,11326,11333,11341,11348,11353,11405,11458,11463,11468,11473,11485,11495,11505,11514,11524,11531,11538,11545,11552,11561,11571,11580,11585,11592,11597,11604,11613,11626,11638,11652,11657,11662,11667,11675,11684,11691,11698,11705,11712,11719,11724,11729,11736,11743,11756,11766,11771,11778,11783,11788,11793,11798,11803,11808,11813,11821,11834,11839,11844,11849,11854,11859,11864,11869,11874,11879,11884,11891,11898,11907,11916,11921,11930,11938,11943,11948,11957,11964,11971,11985,11993,11998,12007,12012,12019,12024,12033,12042,12051,12056,12061,12069,12078,12083,12092,12101,12111,12121,12129,12137,12144,12151,12158,12167,12174,12181,12190,12199,12207,12212,12219,12224,12229,12234,12239,12244,12251,12258,12263,12268,12273,12278,12285,12290,12300,12305,12321,12328,12336,12343,12351,12356,12361,12366,12371,12376,12383,12391,12403,12413,12418,12432,12442,12451,12461,12466,12473,12484,12491,12499,12513,12523,12530,12535,12543,12548,12555,12567,12579,12584,12591,12596,12601,12606,12611,12618,12626,12631,12636,12641,12646,12655,12664,12673,12681,12686,12691,12698,12743,12748,12753,12758,12765,12772,12783,12788,12793,12801,12810,12815,12822,12827,12837,12842,12847,12852,12857,12862,12869,12888,12895,12905,12910,12922,12932,12941,12946,12953,12960,12965,12970,12975,12989,12997,13007,13018,13029,13034,13039,13044,13051,13060,13065,13070,13075,13080,13088,13093,13098,13106,13114,13122,13127,13132,13137,13142,13151,13159,13164,13172,13177,13182,13191,13196,13201,13208,13213,13218,13223,13228,13233,13241,13260,13269,13274,13279,13287,13296,13305,13314,13323,13342,13350,13363,13373,13382,13389,13397,13404,13411,13418,13423,13428,13433,13438,13445,13450,13455,13462,13467,13482,13491,13498,13505,13512,13517,13522,13535,13540,13547,13556,13561,13566,13571,13576,13587,13595,13606,13616,13625,13630,13635,13640,13648,13653,13658,13663,13668,13673,13678,13685,13690,13695,13700,13710,13717,13722,13727,13732,13737,13742,13747,13762,13773,13778,13788,13797,13802,13807,13817,13824,13829,13834,13839,13844,13849,13858,13866,13875,13886,13899,13911,13922,13932,13937,13942,13947,13952,13957,13962,13972,13977,13982,13987,13992,14000,14005,14010,14015,14022,14029,14036,14043,14051,14060,14065,14070,14075,14080,14085,14095,14122,14127,14135,14142,14147,14155,14160,14165,14170,14175,14180,14185,14188-14192,14195,14200,14205,14210,14219,14227,14232,14237,14245,14253,14271,14278,14283,14290,14301,14315,14330,14341,14367,14372,14377,14382,14387,14394,14401,14409,14416,14421,14426,14445,14454,14459,14464,14495,14502,14507,14515,14523,14534,14553,14563,14576,14583,14590,14598,14603,14608,14613,14631,14636,14644,14652,14657,14662,14669,14674,14679,14684,14689,14694,14699,14704,14709,14714,14727,14732,14737,14742,14747
---
{
  "schema_version": "authorship/3.0.0",
  "git_ai_version": "1.6.22",
  "base_commit_sha": "ee6402dbd30f517f6c253b9d72dc0d15e1a90efa",
  "prompts": {},
  "humans": {
    "h_5ddc9d372ac6a1": {
      "author": "Ivan <210490533+VZaphod@users.noreply.github.com>"
    }
  },
  "sessions": {
    "s_75214723b27a5b": {
      "agent_id": {
        "tool": "kiro",
        "id": "sess_58ed6ed6-2611-4acd-ae52-d9177c5a3740",
        "model": "auto"
      },
      "human_author": "Ivan <210490533+VZaphod@users.noreply.github.com>"
    }
  }
}